1388052432.418164 0.000000 0.000000 0.000000
1388052432.463929 0.000000 0.000000 0.000000
1388052432.511649 0.000000 0.000000 0.000000
1388052432.558413 0.000000 0.000000 0.000000
1388052432.605017 0.000000 0.000000 0.000000
1388052432.652063 0.000000 0.000000 0.000000
1388052432.699963 0.000000 0.000000 0.000000
1388052432.747840 0.000000 0.000000 0.000000
1388052432.793072 0.000000 0.000000 0.000000
1388052432.839315 0.000000 0.000000 0.000000
1388052432.886622 0.000000 0.000000 0.000000
1388052432.933647 0.000000 0.000000 0.000000
1388052432.981463 0.000000 0.000000 0.000000
1388052433.028898 0.000000 0.000000 0.000000
1388052433.075027 0.000000 0.000000 0.000000
1388052433.122005 0.000000 0.000000 0.000000
1388052433.169029 0.000000 0.000000 0.000000
1388052433.216529 0.000000 0.000000 0.000000
1388052433.264553 0.000000 0.000000 0.000000
1388052433.309626 0.000000 0.000000 0.000000
1388052433.356249 0.000000 0.000000 0.000000
1388052433.403318 0.000000 0.000000 0.000000
1388052433.450360 0.000000 0.000000 0.000000
1388052433.497978 0.000000 0.000000 0.000000
1388052433.544395 0.000000 0.000000 0.000000
1388052433.591371 0.000000 0.000000 0.000000
1388052433.638264 0.000000 0.000000 0.000000
1388052433.685283 0.000000 0.000000 0.000000
1388052433.733051 0.000000 0.000000 0.000000
1388052433.779369 0.000000 0.000000 0.000000
1388052433.826357 0.000000 0.000000 0.000000
1388052433.873341 0.000000 0.000000 0.000000
1388052433.920405 0.000000 0.000000 0.000000
1388052433.967952 0.000000 0.000000 0.000000
1388052434.014486 0.000000 0.000000 0.000000
1388052434.061410 0.000000 0.000000 0.000000
1388052434.108620 0.000000 0.000000 0.000000
1388052434.155427 0.000000 0.000000 0.000000
1388052434.203025 0.000000 0.000000 0.000000
1388052434.249285 0.000000 0.000000 0.000000
1388052434.296400 0.000000 0.000000 0.000000
1388052434.343487 0.000000 0.000000 0.000000
1388052434.390383 0.000000 0.000000 0.000000
1388052434.438512 0.000000 0.000000 0.000000
1388052434.486208 0.000000 0.000000 0.000000
1388052434.532116 0.000000 0.000000 0.000000
1388052434.579107 0.000000 0.000000 0.000000
1388052434.626283 0.000000 0.000000 0.000000
1388052434.673336 0.000000 0.000000 0.000000
1388052434.721600 0.000000 0.000000 0.000000
1388052434.767261 0.000000 0.000000 0.000000
1388052434.813815 0.000000 0.000000 0.000000
1388052434.860381 0.000000 0.000000 0.000000
1388052434.907432 0.000000 0.000000 0.000000
1388052434.954395 0.000000 0.000000 0.000000
1388052435.001336 0.000000 0.000000 0.000000
1388052435.048308 0.000000 0.000000 0.000000
1388052435.095409 0.000000 0.000000 0.000000
1388052435.142181 0.000000 0.000000 0.000000
1388052435.190124 0.000000 0.000000 0.000000
1388052435.237133 0.000000 0.000000 0.000000
1388052435.284429 0.000000 0.000000 0.000000
1388052435.331188 0.000000 0.000000 0.000000
1388052435.378202 0.000000 0.000000 0.000000
1388052435.425250 0.000000 0.000000 0.000000
1388052435.472163 0.000000 0.000000 0.000000
1388052435.519141 0.000000 0.000000 0.000000
1388052435.566332 0.000000 0.000000 0.000000
1388052435.614641 0.000000 0.000000 0.000000
1388052435.683469 0.000000 0.000000 0.000000
1388052435.708584 0.000000 0.000000 0.000000
1388052435.754071 0.000000 0.000000 0.000000
1388052435.801103 0.000000 0.000000 0.000000
1388052435.848446 0.000000 0.000000 0.000000
1388052435.896090 0.000000 0.000000 0.000000
1388052435.943071 0.000000 0.000000 0.000000
1388052435.989185 0.000000 0.000000 0.000000
1388052436.035303 0.000000 0.000000 0.000000
1388052436.083508 0.000000 0.000000 0.000000
1388052436.130300 0.000000 0.000000 0.000000
1388052436.177422 0.000000 0.000000 0.000000
1388052436.223501 0.000000 0.000000 0.000000
1388052436.270984 0.000000 0.000000 0.000000
1388052436.317628 0.000000 0.000000 0.000000
1388052436.369913 0.000000 0.000000 0.000000
1388052436.411976 0.000000 0.000000 0.000000
1388052436.458437 0.000000 0.000000 0.000000
1388052436.505429 0.000000 0.000000 0.000000
1388052436.559080 0.000000 0.000000 0.000000
1388052436.599561 0.000000 0.000000 0.000000
1388052436.646885 0.000000 0.000000 0.000000
1388052436.693532 0.000000 0.000000 0.000000
1388052436.740598 0.000000 0.000000 0.000000
1388052436.787516 0.000000 0.000000 0.000000
1388052436.834606 0.000000 0.000000 0.000000
1388052436.882080 0.000000 0.000000 0.000000
1388052436.928391 0.000000 0.000000 0.000000
1388052436.975575 0.000000 0.000000 0.000000
1388052437.022431 0.000000 0.000000 0.000000
1388052437.069830 0.000000 0.000000 0.000000
1388052437.118223 0.000000 0.000000 0.000000
1388052437.163484 0.000000 0.000000 0.000000
1388052437.211093 0.000000 0.000000 0.000000
1388052437.257484 0.000000 0.000000 0.000000
1388052437.304645 0.000000 0.000000 0.000000
1388052437.352088 0.000000 0.000000 0.000000
1388052437.399041 0.000000 0.000000 0.000000
1388052437.445517 0.000000 0.000000 0.000000
1388052437.492322 0.000000 0.000000 0.000000
1388052437.540445 0.000000 0.000000 0.000000
1388052437.586918 0.000000 0.000000 0.000000
1388052437.635008 0.000000 0.000000 0.000000
1388052437.680548 0.000000 0.000000 0.000000
1388052437.727573 0.000000 0.000000 0.000000
1388052437.774523 0.000000 0.000000 0.000000
1388052437.821733 0.000000 0.000000 0.000000
1388052437.879266 0.000000 0.000000 0.000000
1388052437.915828 0.000000 0.000000 0.000000
1388052437.963007 0.000000 0.000000 0.000000
1388052438.010342 0.000000 0.000000 0.000000
1388052438.057388 0.000000 0.000000 0.000000
1388052438.104657 0.000000 0.000000 0.000000
1388052438.151657 0.000000 0.000000 0.000000
1388052438.199270 0.000000 0.000000 0.000000
1388052438.245486 0.000000 0.000000 0.000000
1388052438.292490 0.000000 0.000000 0.000000
1388052438.339659 0.000000 0.000000 0.000000
1388052438.386490 0.000000 0.000000 0.000000
1388052438.432753 0.000000 0.000000 0.000000
1388052438.480046 0.000000 0.000000 0.000000
1388052438.526757 0.000000 0.000000 0.000000
1388052438.574206 0.000000 0.000000 0.000000
1388052438.620809 0.000000 0.000000 0.000000
1388052438.667607 0.000000 0.000000 0.000000
1388052438.714580 0.000000 0.000000 0.000000
1388052438.761679 0.000000 0.000000 0.000000
1388052438.810739 0.000000 0.000000 0.000000
1388052438.857856 0.000000 0.000000 0.000000
1388052438.903797 0.000000 0.000000 0.000000
1388052438.950234 0.000000 0.000000 0.000000
1388052438.996780 0.000000 0.000000 0.000000
1388052439.045734 0.000000 0.000000 0.000000
1388052439.096035 0.000000 0.000000 0.000000
1388052439.137968 0.000000 0.000000 0.000000
1388052439.184978 0.000000 0.000000 0.000000
1388052439.232673 0.000000 0.000000 0.000000
1388052439.279774 0.000000 0.000000 0.000000
1388052439.327502 0.000000 0.000000 0.000000
1388052439.373384 0.000000 0.000000 0.000000
1388052439.421854 0.000000 0.000000 0.000000
1388052439.467048 0.000000 0.000000 0.000000
1388052439.514841 0.000000 0.000000 0.000000
1388052439.562432 0.000000 0.000000 0.000000
1388052439.613893 0.000000 0.000000 0.000000
1388052439.654750 0.000000 0.000000 0.000000
1388052439.701857 0.000000 0.000000 0.000000
1388052439.749354 0.000000 0.000000 0.000000
1388052439.797225 0.000000 0.000000 0.000000
1388052439.842665 0.000000 0.000000 0.000000
1388052439.889810 0.000000 0.000000 0.000000
1388052439.936894 0.000000 0.000000 0.000000
1388052439.983861 0.000000 0.000000 0.000000
1388052440.032281 0.000000 0.000000 0.000000
1388052440.077570 0.000000 0.000000 0.000000
1388052440.124688 0.000000 0.000000 0.000000
1388052440.171766 0.000000 0.000000 0.000000
1388052440.218787 0.000000 0.000000 0.000000
1388052440.267634 0.000000 0.000000 0.000000
1388052440.312726 0.000000 0.000000 0.000000
1388052440.359739 0.000000 0.000000 0.000000
1388052440.406849 0.000000 0.000000 0.000000
1388052440.455030 0.000000 0.000000 0.000000
1388052440.501818 0.000000 0.000000 0.000000
1388052440.549560 0.000000 0.000000 0.000000
1388052440.595464 0.000000 0.000000 0.000000
1388052440.642414 0.000000 0.000000 0.000000
1388052440.690558 0.000000 0.000000 0.000000
1388052440.736512 0.000000 0.000000 0.000000
1388052440.784654 0.000000 0.000000 0.000000
1388052440.831564 0.000000 0.000000 0.000000
1388052440.876985 0.000000 0.000000 0.000000
1388052440.923930 0.000000 0.000000 0.000000
1388052440.972362 0.000000 0.000000 0.000000
1388052441.019492 0.000000 0.000000 0.000000
1388052441.064698 0.000000 0.000000 0.000000
1388052441.111959 0.000000 0.000000 0.000000
1388052441.158596 0.000000 0.000000 0.000000
1388052441.205928 0.000000 0.000000 0.000000
1388052441.253314 0.000000 0.000000 0.000000
1388052441.299687 0.000000 0.000000 0.000000
1388052441.346594 0.000000 0.000000 0.000000
1388052441.393678 0.000000 0.000000 0.000000
1388052441.446972 0.000000 0.000000 0.000000
1388052441.488629 0.000000 0.000000 0.000000
1388052441.534942 0.000000 0.000000 0.000000
1388052441.582241 0.000000 0.000000 0.000000
1388052441.629504 0.000000 0.000000 0.000000
1388052441.676849 0.000000 0.000000 0.000000
1388052441.725490 0.000000 0.000000 0.000000
1388052441.771583 0.000000 0.000000 0.000000
1388052441.817385 0.000000 0.000000 0.000000
1388052441.864519 0.000000 0.000000 0.000000
1388052441.911002 0.000000 0.000000 0.000000
1388052441.958110 0.000000 0.000000 0.000000
1388052442.004756 0.000000 0.000000 0.000000
1388052442.051784 0.000000 0.000000 0.000000
1388052442.098730 0.000000 0.000000 0.000000
1388052442.145645 0.000000 0.000000 0.000000
1388052442.193301 0.000000 0.000000 0.000000
1388052442.240384 0.000000 0.000000 0.000000
1388052442.286846 0.000000 0.000000 0.000000
1388052442.334607 0.000000 0.000000 0.000000
1388052442.380763 0.000000 0.000000 0.000000
1388052442.428165 0.000000 0.000000 0.000000
1388052442.476442 0.000000 0.000000 0.000000
1388052442.525297 0.000000 0.000000 0.000000
1388052442.569397 0.000000 0.000000 0.000000
1388052442.616669 0.000000 0.000000 0.000000
1388052442.663517 0.000000 0.000000 0.000000
1388052442.710632 0.000000 0.000000 0.000000
1388052442.760587 0.000000 0.000000 0.000000
1388052442.804553 0.000000 0.000000 0.000000
1388052442.853227 0.000000 0.000000 0.000000
1388052442.903391 0.000000 0.000000 0.000000
1388052442.945269 0.000000 0.000000 0.000000
1388052442.992355 0.000000 0.000000 0.000000
1388052443.039425 0.000000 0.000000 0.000000
1388052443.086452 0.000000 0.000000 0.000000
1388052443.133875 0.000000 0.000000 0.000000
1388052443.181094 0.000000 0.000000 0.000000
1388052443.227927 0.000000 0.000000 0.000000
1388052443.275222 0.000000 0.000000 0.000000
1388052443.320666 0.000000 0.000000 0.000000
1388052443.368733 0.000000 0.000000 0.000000
1388052443.415335 0.000000 0.000000 0.000000
1388052443.466934 0.000000 0.000000 0.000000
1388052443.508805 0.000000 0.000000 0.000000
1388052443.555991 0.000000 0.000000 0.000000
1388052443.602765 0.000000 0.000000 0.000000
1388052443.650050 0.000000 0.000000 0.000000
1388052443.696723 0.000000 0.000000 0.000000
1388052443.743854 0.000000 0.000000 0.000000
1388052443.790943 0.000000 0.000000 0.000000
1388052443.837890 0.000000 0.000000 0.000000
1388052443.884744 0.000000 0.000000 0.000000
1388052443.932938 0.000000 0.000000 0.000000
1388052443.978672 0.000000 0.000000 0.000000
1388052444.025952 0.000000 0.000000 0.000000
1388052444.073378 0.000000 0.000000 0.000000
1388052444.119936 0.000000 0.000000 0.000000
1388052444.167975 0.000000 0.000000 0.000000
1388052444.214413 0.000000 0.000000 0.000000
1388052444.263367 0.000000 0.000000 0.000000
1388052444.308615 0.000000 0.000000 0.000000
1388052444.355083 0.000000 0.000000 0.000000
1388052444.402975 0.000000 0.000000 0.000000
1388052444.449454 0.000000 0.000000 0.000000
1388052444.496323 0.000000 0.000000 0.000000
1388052444.542839 0.000000 0.000000 0.000000
1388052444.590988 0.000000 0.000000 0.000000
1388052444.637887 0.000000 0.000000 0.000000
1388052444.684870 0.000000 0.000000 0.000000
1388052444.731229 0.000000 0.000000 0.000000
1388052444.780211 0.000000 0.000000 0.000000
1388052444.826992 0.000000 0.000000 0.000000
1388052444.872031 0.000000 0.000000 0.000000
1388052444.918705 0.000000 0.000000 0.000000
1388052444.966216 0.000000 0.000000 0.000000
1388052445.012802 0.000000 0.000000 0.000000
1388052445.059755 0.000000 0.000000 0.000000
1388052445.106891 0.000000 0.000000 0.000000
1388052445.154114 0.000000 0.000000 0.000000
1388052445.200783 0.000000 0.000000 0.000000
1388052445.247792 0.000000 0.000000 0.000000
1388052445.295796 0.000000 0.000000 0.000000
1388052445.343363 0.000000 0.000000 0.000000
1388052445.390981 0.000000 0.000000 0.000000
1388052445.437463 0.000000 0.000000 0.000000
1388052445.485032 0.000000 0.000000 0.000000
1388052445.530603 0.000000 0.000000 0.000000
1388052445.577741 0.000000 0.000000 0.000000
1388052445.627364 0.000000 0.000000 0.000000
1388052445.673081 0.000000 0.000000 0.000000
1388052445.718415 0.000000 0.000000 0.000000
1388052445.765311 0.000000 0.000000 0.000000
1388052445.812150 0.000000 0.000000 0.000000
1388052445.860422 0.000000 0.000000 0.000000
1388052445.906082 0.000000 0.000000 0.000000
1388052445.952964 0.000000 0.000000 0.000000
1388052445.999883 0.000000 0.000000 0.000000
1388052446.047155 0.000000 0.000000 0.000000
1388052446.095465 0.000000 0.000000 0.000000
1388052446.141022 0.000000 0.000000 0.000000
1388052446.187861 0.000000 0.000000 0.000000
1388052446.235008 0.000000 0.000000 0.000000
1388052446.281953 0.000000 0.000000 0.000000
1388052446.330162 0.000000 0.000000 0.000000
1388052446.375951 0.000000 0.000000 0.000000
1388052446.422817 0.000000 0.000000 0.000000
1388052446.469978 0.000000 0.000000 0.000000
1388052446.516802 0.000000 0.000000 0.000000
1388052446.565442 0.000000 0.000000 0.000000
1388052446.612255 0.000000 0.000000 0.000000
1388052446.659582 0.000000 0.000000 0.000000
1388052446.704945 0.000000 0.000000 0.000000
1388052446.751831 0.000000 0.000000 0.000000
1388052446.801551 0.000000 0.000000 0.000000
1388052446.846833 0.000000 0.000000 0.000000
1388052446.893187 0.000000 0.000000 0.000000
1388052446.940405 0.000000 0.000000 0.000000
1388052446.987265 0.000000 0.000000 0.000000
1388052447.035326 0.000000 0.000000 0.000000
1388052447.082814 0.000000 0.000000 0.000000
1388052447.127899 0.000000 0.000000 0.000000
1388052447.174962 0.000000 0.000000 0.000000
1388052447.221866 0.000000 0.000000 0.000000
1388052447.269501 0.000000 0.000000 0.000000
1388052447.316474 0.000000 0.000000 0.000000
1388052447.362940 0.000000 0.000000 0.000000
1388052447.410024 0.000000 0.000000 0.000000
1388052447.457281 0.000000 0.000000 0.000000
1388052447.504030 0.000000 0.000000 0.000000
1388052447.551826 0.000000 0.000000 0.000000
1388052447.597984 0.000000 0.000000 0.000000
1388052447.645001 0.000000 0.000000 0.000000
1388052447.692040 0.000000 0.000000 0.000000
1388052447.738823 0.000000 0.000000 0.000000
1388052447.786208 0.000000 0.000000 0.000000
1388052447.832940 0.000000 0.000000 0.000000
1388052447.879972 0.000000 0.000000 0.000000
1388052447.928970 0.000000 0.000000 0.000000
1388052447.974229 0.000000 0.000000 0.000000
1388052448.021590 0.000000 0.000000 0.000000
1388052448.068506 0.000000 0.000000 0.000000
1388052448.114687 0.000000 0.000000 0.000000
1388052448.161660 0.000000 0.000000 0.000000
1388052448.208711 0.000000 0.000000 0.000000
1388052448.258452 0.000000 0.000000 0.000000
1388052448.302753 0.000000 0.000000 0.000000
1388052448.349517 0.000000 0.000000 0.000000
1388052448.396699 0.000000 0.000000 0.000000
1388052448.444516 0.000000 0.000000 0.000000
1388052448.490845 0.000000 0.000000 0.000000
1388052448.538118 0.000000 0.000000 0.000000
1388052448.585117 0.000000 0.000000 0.000000
1388052448.632027 0.000000 0.000000 0.000000
1388052448.678449 0.000000 0.000000 0.000000
1388052448.725718 0.000000 0.000000 0.000000
1388052448.772275 0.000000 0.000000 0.000000
1388052448.819344 0.000000 0.000000 0.000000
1388052448.866026 0.000000 0.000000 0.000000
1388052448.912926 0.000000 0.000000 0.000000
1388052448.960508 0.000000 0.000000 0.000000
1388052449.007963 0.000000 0.000000 0.000000
1388052449.053957 0.000000 0.000000 0.000000
1388052449.101097 0.000000 0.000000 0.000000
1388052449.148154 0.000000 0.000000 0.000000
1388052449.196297 0.000000 0.000000 0.000000
1388052449.242001 0.000000 0.000000 0.000000
1388052449.289067 0.000000 0.000000 0.000000
1388052449.337958 0.000000 0.000000 0.000000
1388052449.383323 0.000000 0.000000 0.000000
1388052449.430857 0.000000 0.000000 0.000000
1388052449.478685 0.000000 0.000000 0.000000
1388052449.526003 0.000000 0.000000 0.000000
1388052449.571748 0.000000 0.000000 0.000000
1388052449.619041 0.000000 0.000000 0.000000
1388052449.666194 0.000000 0.000000 0.000000
1388052449.715498 0.000000 0.000000 0.000000
1388052449.759229 0.000000 0.000000 0.000000
1388052449.806317 0.000000 0.000000 0.000000
1388052449.854434 0.000000 0.000000 0.000000
1388052449.903197 0.000000 0.000000 0.000000
1388052449.949333 0.000000 0.000000 0.000000
1388052449.996123 0.000000 0.000000 0.000000
1388052450.042723 0.000000 0.000000 0.000000
1388052450.089156 0.000000 0.000000 0.000000
1388052450.135059 0.000000 0.000000 0.000000
1388052450.183061 0.000000 0.000000 0.000000
1388052450.231390 0.000000 0.000000 0.000000
1388052450.277248 0.000000 0.000000 0.000000
1388052450.323894 0.000000 0.000000 0.000000
1388052450.371541 0.000000 0.000000 0.000000
1388052450.419370 0.000000 0.000000 0.000000
1388052450.472960 0.000000 0.000000 0.000000
1388052450.520407 0.000000 0.000000 0.000000
1388052450.572364 0.000000 0.000000 0.000000
1388052450.605513 0.000000 0.000000 0.000000
1388052450.652751 0.000000 0.000000 0.000000
1388052450.707440 0.000000 0.000000 0.000000
1388052450.746274 0.000000 0.000000 0.000000
1388052450.792941 0.000000 0.000000 0.000000
1388052450.840132 0.000000 0.000000 0.000000
1388052450.887364 0.000000 0.000000 0.000000
1388052450.935568 0.000000 0.000000 0.000000
1388052450.981386 0.000000 0.000000 0.000000
1388052451.028302 0.000000 0.000000 0.000000
1388052451.075629 0.000000 0.000000 0.000000
1388052451.122347 0.000000 0.000000 0.000000
1388052451.169068 0.000000 0.000000 0.000000
1388052451.216035 0.000000 0.000000 0.000000
1388052451.263101 0.000000 0.000000 0.000000
1388052451.310090 0.000000 0.000000 0.000000
1388052451.357121 0.000000 0.000000 0.000000
1388052451.404059 0.000000 0.000000 0.000000
1388052451.453432 0.000000 0.000000 0.000000
1388052451.527655 0.000000 0.000000 0.000000
1388052451.545500 0.000000 0.000000 0.000000
1388052451.592730 0.000000 0.000000 0.000000
1388052451.642373 0.000000 0.000000 0.000000
1388052451.687807 0.000000 0.000000 0.000000
1388052451.733801 0.000000 0.000000 0.000000
1388052451.780959 0.000000 0.000000 0.000000
1388052451.828051 0.000000 0.000000 0.000000
1388052451.875008 0.000000 0.000000 0.000000
1388052451.924371 0.000000 0.000000 0.000000
1388052451.970164 0.000000 0.000000 0.000000
1388052452.015353 0.000000 0.000000 0.000000
1388052452.062087 0.000000 0.000000 0.000000
1388052452.110141 0.000000 0.000000 0.000000
1388052452.157740 0.000000 0.000000 0.000000
